5 0 1 3 1 5 0 1 5 0 1 5 1 5 1 6 2 
5 0 1 5 1 6 1 5 1 5 1 5 0 2 1 6 1 5 1 5 1 5 1 5 1 6 1 5 0 1 3 0 1 5 4 0 2 
2 4 0 3 1 5 0 1 5 4 0 1 5 0 1 5 0 1 5 1 5 0 1 5 0 2 1 5 0 1 5 1 
2 
6 1 5 0 3 0 1 5 0 1 5 1 5 0 1 5 1 5 1 5 4 2 
4 0 1 5 0 1 5 1 6 1 5 1 5 1 5 0 1 5 1 5 4 1 5 0 1 5 4 0 1 5 1 6 2 
4 0 1 5 1 5 0 1 5 0 1 5 1 5 1 5 0 3 1 5 0 1  
4 1 5 0 1 5 1 3 1 5 0 3 0 1 5 0 1 5 1 3 0 1 5 0 1 5 2 4 0 1 5 1 5 1 5 1 5 0 1 5 0 1 6 1 5 0 2 
4 0 2 
3 1 5 1 5 0 3 0 1 6 2 
1 3 1 5 0 1 5 0 2 
6 1 5 1 6 1 5 0 1 5 1 5 1 6 1 6 1 5 1 5 0 1 5 0 1 5 1 3 1 5 0 1 3 0 1 5 0 1 5 0 1 5 0 3 0 1 
4 0 3 
4 0 2 
4 1 5 0 1 3 0 3 0 1 5 0 3 1 5 1 5 0 1 6 1 5 0 1 6 2 
